123912238
123183407
123229077
123666809
123868315
123735940
123855989
123694573
123550901
123651106
123850910
123203986
123634428
123924321
123416816
123765827
123799544
123742002
123121464
123374978
124527694
124814701
124106705
124282441
124510865
124635144
124244709
124833274
124930874
124346572
124833195
124927180
124876817
124458480
124204328
124407922
124331025
124184439
124080776
124807258
125916676
125833461
125982874
125314602
125679294
125294888
125078696
125334346
125598274
125778813
125044604
125548647
125258484
125425977
125518269
125736081
125463357
125228053
125067052
125147138
126594870
126353145
126971781
126374018
126528947
126843185
126220625
126559616
126111339
126466458
126007538
126135114
126996607
126560995
126343729
126411352
126958295
126147902
126244831
126080141
127743555
127508474
127955226
127810377
127418591
127602162
127619176
127068211
127774710
127681605
127022551
127059024
127297155
127446185
127370824
127540984
127769669
127030448
127668446
127834900
128169958
128723819
128770946
128973982
128566171
128254520
128574359
128265784
128446659
128443643
128423929
128550570
128570041
128322177
128637806
128020553
128900637
128073775
128179993
128455867
129043347
129228209
129876616
129094032
129246413
129898373
129122673
129370825
129738752
129193560
129030393
129474446
129089564
129238090
129442481
129417412
129219068
129064914
129276306
129462812
130724533
130795901
130498680
130664602
130451029
130990206
130542436
130255770
130773139
130163612
130680710
130715676
130897556
130239515
130664907
130271051
130797656
130874159
130435174
130903912
131685276
131100368
131981877
131785783
131632240
131415491
131852910
131687341
131605160
131640730
131688749
131351465
131449531
131961037
131639597
131723689
131099166
131924497
131018701
131049392
132279011
132258070
132307456
132335264
132443223
132072401
132653331
132123899
132745202
132713842
132870112
132245555
132193851
132413867
132795757
132361195
132216284
132999830
132072187
132862676
133331990
133218256
133193125
133082048
133497337
133734912
133687789
133404232
133955226
133281103
133443921
133975821
133963342
133260287
133921355
133116002
133615788
133185363
133842147
133636926
134860417
134196730
134850206
134435493
134955136
134072165
134139815
134151872
134831313
134821332
134858838
134932134
134643134
134772257
134123212
134180257
134167838
134028116
134808490
134169188
135975790
135142510
135009577
135922510
135072130
135302608
135834237
135157766
135884267
135016928
135695050
135945326
135824558
135993964
135720844
135846569
135051563
135333726
135719583
135253249
136012066
136991588
136001713
136216637
136314333
136030639
136238993
136690461
136366114
136183845
136883456
136386638
136913934
136302871
136426679
136660130
136667193
136592927
136239547
136450303
137409429
137025580
137922064
137495324
137974844
137075117
137426763
137857579
137128479
137322918
137797181
137693830
137325804
137466456
137881822
137251268
137463193
137710447
137427690
137460691
138311555
138782236
138222740
138370210
138874381
138284780
138649868
138292200
138170479
138327921
138642337
138612731
138308854
138269959
138066892
138527903
138567858
138588111
138157861
138623898
139986950
139957801
139317853
139032786
139604778
139032522
139191089
139833159
139502002
139262307
139009407
139637882
139546311
139805950
139255970
139950352
139342975
139791641
139080586
139726834
140533118
140897904
140208644
140088032
140749864
140256325
140363147
140353634
140075092
140098017
140117931
140215650
140028934
140434835
140499787
140011152
140402090
140689146
140540602
140822762
141454606
141884937
141710926
141557524
141235989
141003537
141759796
141842567
141609064
141806446
141051241
141072336
141687587
141417442
141467745
141728872
141327725
141148502
141182887
141462574
142656775
142400007
142216361
142344316
142001785
142716347
142107880
142644070
142253251
142723885
142336791
142970789
142639161
142501274
142378215
142829287
142330702
142828135
142686349
142434088
143972935
143477329
143254941
143577689
143215364
143519061
143949274
143874713
143767062
143497499
143198299
143669526
143386400
143478705
143918037
143246084
143189092
143170530
143048123
143019754
144046758
144614176
144645458
144965297
144476668
144126292
144004912
144405193
144766986
144109894
144128525
144911015
144387948
144167970
144147950
144270053
144131344
144769552
144288988
144829487
145339206
145309233
145035004
145243304
145725935
145965054
145446628
145863655
145761399
145068512
145631803
145817754
145002195
145676661
145724130
145941612
145297626
145620856
145699022
145009706
146385148
146440562
146548158
146014082
146050733
146522892
146688785
146198050
146248174
146744242
146859255
146981656
146692475
146919185
146332864
146397973
146913781
146087290
146646495
146141485
147651239
147237134
147992137
147433264
147126146
147553356
147032201
147611784
147845096
147340287
147003263
147272809
147394058
147414589
147323598
147746456
147980890
147431758
147406008
147978337
148487240
148752773
148163351
148440770
148472531
148249325
148781450
148630281
148444559
148560180
148087590
148531548
148952420
148530919
148112600
148615955
148083820
148102264
148177419
148400796
149349133
149787432
149644439
149427624
149087364
149143815
149954425
149076530
149176563
149564230
149173124
149430022
149906805
149862890
149864246
149648787
149292308
149463312
149331350
149071713
150305444
150893624
150686542
150013553
150578312
150504132
150688197
150594133
150731564
150655771
150530719
150449013
150136908
150106635
150729009
150360972
150119798
150011410
150844849
150390261
151058775
151161301
151861965
151765673
151921298
151612014
151262740
151121683
151345596
151276251
151517877
151971258
151125523
151809729
151878434
151774239
151143746
151792930
151043551
151583665
152773311
152852439
152832765
152973551
152939138
152923208
152045207
152850585
152186376
152705301
152716145
152757415
152352271
152188489
152360410
152485773
152899833
152326132
152525668
152479480
153194210
153108441
153973513
153448748
153060820
153377691
153838107
153364139
153879853
153571623
153822408
153711411
153791914
153153414
153252077
153690675
153923311
153755722
153922423
153424839
154528884
154236716
154200024
154698322
154040039
154316299
154693241
154472490
154982310
154092737
154526042
154336416
154618267
154884278
154118084
154719111
154881355
154800976
154766717
154979089
155263573
155624676
155088498
155621350
155331901
155530524
155106014
155826301
155963810
155506783
155557061
155846496
155104127
155307385
155241479
155653702
155543203
155766125
155858484
155040248
156095766
156477334
156241924
156233429
156225824
156004004
156748421
156135170
156231239
156758570
156449265
156073661
156133130
156800087
156312078
156522237
156907654
156412806
156929257
156811991
157302056
157411170
157699254
157894603
157052469
157293359
157499476
157827695
157332745
157993514
157930181
157733895
157968754
157834764
157860132
157169366
157453328
157397095
157931576
157658130
158405451
158958262
158063559
158310116
158165531
158698917
158283484
158657046
158973742
158064117
158375450
158323781
158249402
158391528
158751582
158742024
158340471
158614516
158442183
158604520
159512127
159200992
159810373
159635689
159215758
159552538
159653048
159267592
159898408
159457187
159400777
159291758
159386897
159529167
159882329
159732459
159957441
159619279
159367008
159866171
160366001
160643217
160925995
160545336
160027516
160668685
160372313
160682477
160885645
160627914
160597373
160049356
160961774
160565198
160244176
160457510
160721750
160193976
160227378
160957006
161082170
161379117
161735618
161820175
161378212
161191725
161726127
161337465
161441645
161282899
161866406
161004679
161436183
161808610
161715758
161655463
161321356
161064188
161779801
161970847
162230407
162319170
162063486
162179733
162743653
162535860
162543265
162630827
162457340
162907213
162090801
162892072
162717682
162783345
162855812
162559691
162595813
162487665
162547254
162609823
163631643
163791143
163224222
163682603
163488367
163202966
163268661
163266695
163803456
163908985
163672552
163318209
163851305
163330774
163293103
163651756
163843696
163378526
163230622
163720712
164126464
164698764
164476086
164397467
164866307
164518729
164326162
164901365
164680338
164616851
164210923
164615316
164794895
164010858
164431099
164472843
164776601
164624910
164134144
164440963
165124476
165913098
165207646
165577427
165740818
165874796
165094204
165794246
165437972
165221081
165933232
165785136
165300141
165134946
165264481
165342448
165666849
165785805
165050957
165414982
166155356
166304498
166350595
166998752
166023155
166238537
166930933
166811324
166728064
166245759
166929964
166783333
166115403
166754648
166810299
166826807
166626122
166143376
166784443
166911945
167128318
167455128
167585130
167135208
167886466
167800367
167546315
167550440
167891131
167822606
167346459
167023584
167833740
167531592
167576681
167042375
167659663
167981865
167117990
167315041
168230268
168207666
168711369
168875206
168669774
168314854
168686155
168970265
168447755
168371642
168357778
168530529
168633369
168996630
168198074
168051082
168711122
168994175
168157936
168350684
169990013
169436956
169272783
169208069
169960503
169204183
169270629
169872162
169806147
169498134
169583536
169564128
169972531
169955313
169472623
169450753
169895604
169451695
169930489
169844097
170152133
170574161
170333159
170926280
170105877
170231244
170733516
170529857
170528993
170393221
170676259
170357282
170984170
170686873
170631562
170582859
170995999
170829172
170709264
170894246
171052032
171340711
171105001
171506137
171936923
171289702
171093851
171052824
171784231
171122243
171736887
171533401
171985263
171888897
171803123
171205103
171285808
171172693
171571501
171019093
172984889
172427646
172607375
172716663
172604280
172667115
172622720
172852574
172741643
172727525
172049707
172871369
172451107
172938031
172730889
172968172
172186685
172340560
172079683
172623286
173228571
173312621
173559333
173989811
173271507
173008836
173730824
173179777
173789743
173482334
173780307
173400220
173289906
173159165
173687496
173611593
173819077
173661221
173355252
173020415
174885657
174100652
174300473
174155150
174886698
174262662
174586972
174272179
174025482
174361612
174295824
174839761
174404970
174962629
174306098
174070983
174907940
174013175
174767208
174600760
175801920
175284699
175148371
175464883
175466171
175311667
175368831
175190450
175900032
175435673
175298511
175892456
175972090
175656097
175422490
175668309
175375549
175605554
175186309
175830413
176898178
176199717
176303584
176441593
176531468
176566315
176628904
176403213
176497895
176898759
176145007
176320721
176709665
176376728
176889554
176597620
176967690
176691531
176322106
176726831
177757072
177245758
177788797
177050643
177242100
177545846
177452986
177245175
177251427
177800248
177409703
177629621
177243823
177685765
177118316
177759705
177761107
177185584
177838318
177863879
178315159
178059445
178749471
178380233
178460067
178294869
178828755
178653492
178625891
178811263
178964288
178759206
178041747
178958523
178361574
178260974
178836480
178524178
178845293
178430570
179628559
179372201
179623788
179479524
179646080
179053358
179875063
179099138
179242358
179607726
179405057
179479491
179605286
179905794
179357158
179569638
179015196
179375038
179036915
179014358
180471640
180164400
180803239
180274128
180613883
180853576
180413853
180885146
180014764
180033546
180791559
180266937
180694166
180077063
180036893
180627700
180960832
180948024
180478816
180453310
181848308
181919860
181796447
181544409
181903068
181151085
181124245
181026091
181442695
181080719
181012459
181627214
181360611
181353748
181695628
181185236
181891359
181750104
181821011
181994484
182642003
182467487
182326754
182548037
182619952
182143542
182781412
182521999
182049090
182842190
182190461
182197341
182740136
182356696
182061242
182764922
182489289
182333205
182356648
182915369
183966221
183957818
183335229
183388735
183967386
183255450
183897085
183002321
183090448
183126136
183851643
183022016
183157888
183086979
183862038
183990332
183785095
183892693
183298977
183753618
184468385
184368358
184713173
184876152
184537362
184949429
184339520
184487681
184586930
184993645
184946378
184887808
184111312
184121850
184352532
184971741
184742205
184793373
184730025
184643085
185505181
185802331
185229062
185638595
185804062
185772522
185247268
185322880
185310258
185330807
185757108
185160762
185447239
185227869
185862340
185809979
185686974
185758061
185426704
185414149
186555085
186974956
186389865
186281997
186359842
186783327
186917923
186521745
186859543
186645951
186090868
186614046
186868437
186534732
186045099
186774363
186566763
186801252
186781357
186429189
187899744
187962976
187398037
187451778
187701613
187233481
187935943
187913067
187284936
187414265
187315194
187828569
187983486
187709331
187631261
187213952
187237947
187221840
187482966
187140800
188356278
188909885
188539957
188720380
188871540
188532190
188152864
188760752
188888334
188004201
188196664
188045788
188940666
188705586
188483794
188134477
188241713
188689748
188691818
188696564
189861982
189255989
189925070
189238485
189294204
189928828
189138705
189675174
189213586
189935220
189269823
189886301
189814567
189771036
189744936
189904969
189658979
189975921
189985060
189764410
190676192
190976954
190611870
190048291
190234135
190539169
190086105
190194394
190858675
190143543
190470208
190541990
190121121
190020889
190572351
190402850
190551917
190067848
190520473
190785166
191994420
191748929
191004187
191012426
191768539
191227798
191711429
191308331
191341021
191586061
191125927
191720594
191977085
191558061
191091775
191913564
191761290
191992060
191682224
191816934
192301850
192845742
192410363
192461043
192123908
192066780
192233336
192452767
192156465
192150756
192496228
192255414
192082517
192268639
192817743
192923600
192689096
192207646
192660660
192720355
193097645
193707207
193695698
193081840
193408352
193112724
193488993
193043046
193274307
193853786
193963116
193175900
193408141
193032719
193430129
193741098
193134831
193898875
193226619
193473555
194219895
194313033
194771259
194762749
194539290
194721534
194917274
194163415
194862145
194905833
194220280
194895899
194454177
194321935
194275671
194691215
194109615
194335332
194306096
194985426
195553115
195368281
195443728
195484487
195601084
195416911
195254506
195129239
195782084
195898337
195155060
195608123
195075952
195205494
195908304
195245510
195372200
195183693
195545679
195295563
196624872
196823097
196085198
196956414
196624116
196226409
196458769
196534418
196536983
196058732
196830064
196990908
196174233
196036624
196060423
196499699
196861785
196043717
196349238
196489145
197834118
197010381
197533729
197288901
197437535
197443214
197819946
197109955
197530555
197903730
197077102
197337684
197271868
197600523
197082382
197072488
197819261
197252012
197515196
197952847
198931987
198298276
198246465
198969439
198221415
198265370
198707566
198164086
198014739
198279362
198931908
198143534
198566614
198824323
198311927
198840865
198284597
198650285
198879729
198580294
199877781
199011975
199230293
199365528
199974146
199591235
199214414
199621945
199560756
199039956
199801132
199879328
199887606
199940216
199765761
199420747
199900250
199007951
199367788
199650120
200329268
200765677
200958843
200824584
200236188
200499945
200181099
200230296
200781698
200080996
200605331
200652476
200800825
200788996
200011584
200750614
200384707
200627388
200513107
200566694
201133565
201232473
201587074
201221612
201626782
201246915
201127157
201591013
201476598
201416114
201254735
201189751
201333212
201783663
201861369
201394489
201829758
201119827
201749988
201169476
202630008
202432138
202774222
202576047
202932939
202316916
202105369
202373594
202640880
202994127
202943448
202178808
202165217
202842926
202318509
202150027
202293043
202170969
202805586
202044745
203408799
203399825
203378331
203475372
203836553
203862656
203126411
203385299
203551518
203899394
203565171
203707404
203105727
203878495
203862662
203697282
203909642
203297430
203877601
203555314
204243131
204936327
204675556
204896942
204644816
204999358
204286171
204995566
204366648
204506683
204034068
204663125
204816868
204427153
204012447
204311908
204624270
204980402
204051694
204721264
205990428
205284934
205706369
205948796
205691560
205720135
205139779
205744752
205084325
205689785
205599912
205567323
205388528
205856105
205597096
205526692
205245057
205038839
205341501
205548071
206370541
206196165
206921063
206196843
206003601
206832230
206914448
206456969
206021871
206015629
206125747
206642371
206552868
206686243
206402384
206367413
206460797
206724536
206214107
206580589
207173956
207476945
207353190
207375659
207065217
207254696
207792103
207935663
207183187
207255276
207695552
207212278
207042646
207599709
207683140
207792128
207796555
207975102
207653184
207461245
208997278
208724539
208404967
208148870
208463735
208273578
208499149
208206587
208037096
208576761
208861471
208727565
208026196
208611702
208411417
208531655
208360526
208450992
208203534
208202430
209542533
209171549
209627795
209316758
209863214
209530439
209287613
209096194
209005586
209943828
209358666
209886353
209508354
209800261
209088665
209679986
209665274
209146954
209967934
209571356
210095561
210881471
210885244
210886441
210457072
210493264
210255543
210945699
210357791
210533284
210025156
210420400
210819202
210798329
210236122
210073792
210818003
210122091
210238681
210523414
211847480
211155630
211986021
211779526
211859428
211138795
211680784
211347938
211456416
211400057
211825892
211948641
211223823
211581627
211537022
211080780
211068668
211045976
211004786
211011255
212808547
212573315
212190784
212131181
212763275
212880213
212361296
212056746
212715235
212157069
212511273
212940987
212805657
212675527
212452897
212970754
212121688
212518401
212178638
212956689
213181166
213281192
213554351
213527344
213844132
213223895
213712904
213147120
213484078
213036493
213392410
213269585
213783201
213272027
213352165
213068957
213710827
213419209
213744734
213264185
214013851
214211111
214452180
214625965
214649619
214226856
214925050
214246772
214954302
214792762
214487509
214068543
214760754
214951229
214360143
214935051
214822984
214015631
214935520
214738414
215482039
215694657
215207072
215485307
215533855
215272005
215206390
215536505
215022560
215813265
215167301
215646630
215336011
215987830
215218036
215370106
215016976
215876162
215994071
215991353
216501107
216472060
216442052
216482309
216542123
216481280
216234438
216766865
216144331
216541938
216809019
216989270
216194584
216563752
216483810
216381990
216230781
216360679
216095830
216247209
217340861
217095994
217058409
217625502
217214131
217940785
217294038
217745802
217746062
217195551
217174318
217390253
217207416
217693729
217740571
217067684
217215416
217571258
217278223
217056624
218607692
218786993
218175029
218390054
218754696
218696948
218732229
218325418
218759727
218853841
218022633
218925632
218731633
218680434
218601853
218916365
218302545
218420959
218609343
218321420
219382472
219189736
219826098
219286443
219012365
219221704
219662023
219011097
219842750
219158451
219244969
219594433
219646302
219787480
219577401
219044736
219003159
219860685
219979065
219489283
220554726
220392607
220629620
220758202
220430866
220616886
220440103
220502062
220184866
220466200
220748712
220072959
220483932
220826848
220643960
220233695
220056319
220583707
220113436
220663200
221643615
221398333
221331776
221500404
221839726
221827745
221514906
221726950
221381227
221099442
221957819
221011155
221384133
221191229
221134559
221398794
221466414
221558573
221682924
221414854
222642277
222117619
222057280
222996371
222983078
222317692
222156026
222687262
222108519
222556390
222716761
222911756
222550904
222608436
222803605
222744592
222840234
222168879
222165987
222487938
223612734
223550879
223841592
223194214
223557523
223981201
223087920
223470211
223448610
223290840
223740483
223266818
223149321
223845595
223590401
223141372
223058566
223998640
223777284
223410985
224976035
224425568
224816004
224441535
224277849
224255954
224994572
224495386
224562383
224371855
224256319
224821844
224168800
224090413
224937194
224601013
224711902
224495204
224075717
224442904
225857973
225430049
225550111
225347272
225781770
225906828
225183632
225073646
225071741
225811431
225200093
225107864
225783731
225918176
225391572
225687171
225275321
225339082
225768592
225485668
226211063
226258637
226509729
226941452
226862261
226144358
226124657
226725118
226752902
226794712
226219484
226890501
226504822
226462486
226221720
226167057
226023572
226402394
226254060
226548963
227539384
227225098
227461880
227998643
227188722
227029543
227365719
227713629
227343967
227533673
227718610
227295466
227915752
227352515
227362840
227071575
227450510
227268805
227984376
227740615
228880113
228264618
228235975
228743848
228417204
228673583
228787778
228058874
228541404
228007995
228422267
228441078
228576563
228512023
228253928
228322387
228532732
228597581
228520623
228762237
229693358
229111561
229385104
229249482
229158242
229174343
229035536
229526532
229993906
229587095
229582402
229798851
229945091
229517995
229006669
229698617
229405123
229612219
229220378
229938900
230128717
230744348
230333907
230078182
230026413
230910259
230788406
230750513
230705339
230328845
230717214
230073789
230946291
230819411
230439613
230799643
230223494
230230627
230098831
230108618
231020576
231409763
231759798
231718701
231511993
231960607
231041357
231972720
231652868
231015119
231660731
231237110
231806207
231803130
231987035
231868769
231925192
231538063
231466659
231085926
232768363
232256610
232091656
232032266
232370258
232570448
232525292
232722875
232168947
232552405
232706345
232728832
232803285
232868440
232574004
232439104
232643933
232820781
232316728
232878851
233267844
233895355
233259600
233985414
233873472
233105380
233582062
233976859
233254786
233275979
233572290
233117261
233002380
233539250
233046434
233928263
233006802
233406189
233352089
233056596
234672319
234605992
234048917
234702007
234660697
234472445
234516683
234826209
234533996
234540143
234679466
234733027
234082369
234931786
234673952
234329217
234172040
234944389
234716499
234574737
235706257
235568165
235029133
235660217
235186572
235260125
235893767
235189410
235440201
235769471
235817037
235205654
235032017
235641312
235029832
235122626
235085630
235030074
235563622
235391363
236271898
236840427
236310696
236162862
236852687
236083033
236246206
236945492
236079864
236342342
236746473
236137634
236621124
236060287
236513423
236532319
236999850
236485462
236332671
236025473
237966762
237063384
237155115
237811986
237545021
237112472
237956642
237948078
237087033
237724900
237171160
237584894
237003454
237641523
237808976
237157757
237805279
237849330
237383764
237580097
238755452
238726595
238040822
238721422
238684758
238236533
238877242
238978531
238839850
238041032
238677686
238837815
238671119
238777192
238176131
238265886
238132993
238465859
238227976
238505682
239679430
239427505
239502071
239930671
239768005
239535600
239925173
239741032
239912807
239605024
239211538
239247482
239357630
239278108
239174604
239706205
239391879
239127298
239875500
239546246
240635555
240884419
240989243
240065893
240395857
240750156
240668724
240852258
240787957
240506566
240632903
240648487
240926501
240184578
240920829
240083040
240044350
240908208
240012255
240549783
241519279
241543267
241145695
241777216
241429874
241444703
241946064
241372659
241598949
241109027
241970398
241955077
241703445
241350207
241365066
241017842
241501163
241712249
241160420
241766799
242329876
242226916
242891748
242868444
242671161
242179914
242393521
242591295
242540665
242335172
242103648
242004801
242768925
242739042
242327415
242560490
242353244
242758716
242734306
242461447
243258842
243516923
243267168
243798772
243470335
243720650
243455508
243070460
243935404
243938112
243871865
243447961
243987210
243237853
243918077
243516064
243969157
243693397
243726149
243650018
244952538
244278905
244939478
244823769
244359603
244565455
244970567
244316830
244865443
244692707
244854361
244633926
244004140
244361840
244383048
244577840
244591667
244653014
244201356
244862659
245168810
245852052
245902501
245215251
245201929
245078185
245261152
245799618
245906700
245899438
245704525
245660492
245595155
245048988
245210063
245747228
245783521
245961331
245445477
245686939
